      3600    1    0.08333    0.00333   25.00000    0.25000    0.01000   25.00000 
      3720  120    0.08333    0.00333   25.00000    0.25000    0.01000   25.00000 
      3840  120    0.08333    0.00333   25.00000    0.25000    0.01000   25.00000 
      3960  120    0.08333    0.00333   25.00000    0.25000    0.01000   25.00000 
      4080  120    0.08333    0.00333   25.00000    0.25000    0.01000   25.00000 
      4200  120    0.08333    0.00333   25.00000    0.25000    0.01000   25.00000 
      4320  120    0.08333    0.00333   25.00000    0.24997    0.01000   24.99722 
      4440  120    0.08333    0.00333   25.00000    0.25000    0.01000   25.00000 
      4560  120    0.08333    0.00333   25.00000    0.25000    0.01000   25.00000 
      4680  120    0.08333    0.00333   25.00000    0.25000    0.01000   25.00000 
      4800  120    0.08333    0.00333   25.00000    0.25000    0.01000   25.00000 
      4920  120    0.08333    0.00333   25.00000    0.25000    0.01000   25.00000 
      5040  120    0.08333    0.00333   25.00000    0.25000    0.01000   25.00000 
      5160  120    0.08333    0.00333   25.00000    0.25000    0.01000   25.00000 
      5280  120    0.08333    0.00333   25.00000    0.25000    0.01000   25.00000 
      5400  120    0.08333    0.00333   25.00000    0.25000    0.01000   25.00000 
      5520  120    0.08333    0.00333   25.00000    0.25000    0.01000   25.00000 
      5640  120    0.08333    0.00333   25.00000    0.24997    0.01000   24.99722 
      5760  120    0.08333    0.00333   25.00000    0.25000    0.01000   25.00000 
      5880  120    0.08331    0.00333   24.99167    0.25000    0.01000   25.00000 
      6000  120    0.08333    0.00333   25.00000    0.25000    0.01000   25.00000 
      6120  120    0.08333    0.00333   25.00000    0.25000    0.01000   25.00000 
      6240  120    0.08333    0.00333   25.00000    0.25000    0.01000   25.00000 
      6360  120    0.08333    0.00333   25.00000    0.25000    0.01000   25.00000 
      6480  120    0.08333    0.00333   25.00000    0.25000    0.01000   25.00000 
      6600  120    0.08333    0.00333   25.00000    0.25000    0.01000   25.00000 
      6720  120    0.08333    0.00333   25.00000    0.25000    0.01000   25.00000 
      3600    1    0.25000    0.01000   25.00000    0.08333    0.00333   25.00000 
      3720  120    0.25000    0.01000   25.00000    0.08333    0.00333   25.00000 
      3840  120    0.25000    0.01000   25.00000    0.08333    0.00333   25.00000 
      3960  120    0.25000    0.01000   25.00000    0.08333    0.00333   25.00000 
      4080  120    0.24994    0.01000   24.99445    0.08333    0.00333   25.00000 
      4200  120    0.25000    0.01000   25.00000    0.08333    0.00333   25.00000 
      4320  120    0.25000    0.01000   25.00000    0.08333    0.00333   25.00000 
      4440  120    0.24997    0.01000   24.99722    0.08333    0.00333   25.00000 
      4560  120    0.25000    0.01000   25.00000    0.08333    0.00333   25.00000 
      4680  120    0.25000    0.01000   25.00000    0.08333    0.00333   25.00000 
      4800  120    0.25000    0.01000   25.00000    0.08333    0.00333   25.00000 
      4920  120    0.24997    0.01000   24.99722    0.08333    0.00333   25.00000 
      5040  120    0.25000    0.01000   25.00000    0.08333    0.00333   25.00000 
      5160  120    0.25000    0.01000   25.00000    0.08333    0.00333   25.00000 
      5280  120    0.25000    0.01000   25.00000    0.08333    0.00333   25.00000 
      5400  120    0.25000    0.01000   25.00000    0.08333    0.00333   25.00000 
      5520  120    0.24997    0.01000   24.99722    0.08333    0.00333   25.00000 
      5640  120    0.25000    0.01000   25.00000    0.08333    0.00333   25.00000 
      5760  120    0.25000    0.01000   25.00000    0.08333    0.00333   25.00000 
      5880  120    0.24997    0.01000   24.99722    0.08333    0.00333   25.00000 
      6000  120    0.25000    0.01000   25.00000    0.08333    0.00333   25.00000 
      6120  120    0.25000    0.01000   25.00000    0.08333    0.00333   25.00000 
      6240  120    0.25000    0.01000   25.00000    0.08333    0.00333   25.00000 
      6360  120    0.25000    0.01000   25.00000    0.08333    0.00333   25.00000 
      6480  120    0.25000    0.01000   25.00000    0.08333    0.00333   25.00000 
      6600  120    0.25000    0.01000   25.00000    0.08333    0.00333   25.00000 
      6720  120    0.25000    0.01000   25.00000    0.08331    0.00333   24.99167 
      6840  120    0.25000    0.01000   25.00000    0.08333    0.00333   25.00000 
      6960  120    0.25000    0.01000   25.00000    0.08333    0.00333   25.00000 
      7080  120    0.25000    0.01000   25.00000    0.08333    0.00333   25.00000 
      7200  120    0.24997    0.01000   24.99722    0.08333    0.00333   25.00000 
      7320  120    0.25000    0.01000   25.00000    0.08333    0.00333   25.00000 
      7440  120    0.25000    0.01000   25.00000    0.08333    0.00333   25.00000 
      7560  120    0.25000    0.01000   25.00000    0.08333    0.00333   25.00000 
      7680  120    0.25000    0.01000   25.00000    0.08333    0.00333   25.00000 
      7800  120    0.25000    0.01000   25.00000    0.08333    0.00333   25.00000 
      7920  120    0.25000    0.01000   25.00000    0.08333    0.00333   25.00000 
      8040  120    0.25000    0.01000   25.00000    0.08333    0.00333   25.00000 
      8160  120    0.24997    0.01000   24.99722    0.08333    0.00333   25.00000 
      8280  120    0.25000    0.01000   25.00000    0.08333    0.00333   25.00000 
      3600    1    0.16667    0.00667   25.00000    0.16667    0.00667   25.00000 
      3720  120    0.16667    0.00667   25.00000    0.16667    0.00667   25.00000 
      3840  120    0.16667    0.00667   25.00000    0.16667    0.00667   25.00000 
      3960  120    0.16667    0.00667   25.00000    0.16667    0.00667   25.00000 
      4080  120    0.16667    0.00667   25.00000    0.16667    0.00667   25.00000 
      4200  120    0.16667    0.00667   25.00000    0.16667    0.00667   25.00000 
      4320  120    0.16667    0.00667   25.00000    0.16664    0.00667   24.99583 
      4440  120    0.16667    0.00667   25.00000    0.16667    0.00667   25.00000 
      4560  120    0.16664    0.00667   24.99583    0.16667    0.00667   25.00000 
      4680  120    0.16667    0.00667   25.00000    0.16667    0.00667   25.00000 
      4800  120    0.16667    0.00667   25.00000    0.16667    0.00667   25.00000 
      4920  120    0.16667    0.00667   25.00000    0.16667    0.00667   25.00000 
      5040  120    0.16667    0.00667   25.00000    0.16667    0.00667   25.00000 
      5160  120    0.16667    0.00667   25.00000    0.16667    0.00667   25.00000 
      5280  120    0.16667    0.00667   25.00000    0.16667    0.00667   25.00000 
      5400  120    0.16667    0.00667   25.00000    0.16667    0.00667   25.00000 
      5520  120    0.16667    0.00667   25.00000    0.16667    0.00667   25.00000 
      5640  120    0.16667    0.00667   25.00000    0.16667    0.00667   25.00000 
      5760  120    0.16667    0.00667   25.00000    0.16667    0.00667   25.00000 
      5880  120    0.16667    0.00667   25.00000    0.16667    0.00667   25.00000 
      6000  120    0.16667    0.00667   25.00000    0.16667    0.00667   25.00000 
      6120  120    0.16667    0.00667   25.00000    0.16667    0.00667   25.00000 
      6240  120    0.16667    0.00667   25.00000    0.16667    0.00667   25.00000 
      6360  120    0.16667    0.00667   25.00000    0.16667    0.00667   25.00000 
      6480  120    0.16667    0.00667   25.00000    0.16667    0.00667   25.00000 
      6600  120    0.16667    0.00667   25.00000    0.16667    0.00667   25.00000 
      6720  120    0.16664    0.00667   24.99583    0.16667    0.00667   25.00000 
      6840  120    0.16667    0.00667   25.00000    0.16667    0.00667   25.00000 
      6960  120    0.16667    0.00667   25.00000    0.16667    0.00667   25.00000 
      7080  120    0.16667    0.00667   25.00000    0.16667    0.00667   25.00000 
      7200  120    0.16667    0.00667   25.00000    0.16667    0.00667   25.00000 
      7320  120    0.16667    0.00667   25.00000    0.16667    0.00667   25.00000 
      7440  120    0.16667    0.00667   25.00000    0.16667    0.00667   25.00000 
      7560  120    0.16667    0.00667   25.00000    0.16667    0.00667   25.00000 
      7680  120    0.16667    0.00667   25.00000    0.16667    0.00667   25.00000 
      7800  120    0.16667    0.00667   25.00000    0.16664    0.00667   24.99583 
      7920  120    0.16667    0.00667   25.00000    0.16667    0.00667   25.00000 
      8040  120    0.16667    0.00667   25.00000    0.16667    0.00667   25.00000 
      8160  120    0.16667    0.00667   25.00000    0.16667    0.00667   25.00000 
      8280  120    0.16667    0.00667   25.00000    0.16667    0.00667   25.00000 
      8400  120    0.16667    0.00667   25.00000    0.16667    0.00667   25.00000 
      8520  120    0.16667    0.00667   25.00000    0.16667    0.00667   25.00000 
      8640  120    0.16667    0.00667   25.00000    0.16667    0.00667   25.00000 
      8760  120    0.16667    0.00667   25.00000    0.16667    0.00667   25.00000 
      8880  120    0.16667    0.00667   25.00000    0.16667    0.00667   25.00000 
      9000  120    0.16667    0.00667   25.00000    0.16667    0.00667   25.00000 
      9120  120    0.16667    0.00667   25.00000    0.16661    0.00667   24.99167 
      9240  120    0.16667    0.00667   25.00000    0.16667    0.00667   25.00000 
      9360  120    0.16667    0.00667   25.00000    0.16667    0.00667   25.00000 
      9480  120    0.16667    0.00667   25.00000    0.16667    0.00667   25.00000 
      9600  120    0.16667    0.00667   25.00000    0.16667    0.00667   25.00000 
      9720  120    0.16667    0.00667   25.00000    0.16667    0.00667   25.00000 
      9840  120    0.16667    0.00667   25.00000    0.16667    0.00667   25.00000 
      9960  120    0.16667    0.00667   25.00000    0.16667    0.00667   25.00000 
     10080  120    0.16667    0.00667   25.00000    0.16667    0.00667   25.00000 
     10200  120    0.16667    0.00667   25.00000    0.16667    0.00667   25.00000 
     10320  120    0.16667    0.00667   25.00000    0.16667    0.00667   25.00000 
     10440  120    0.16667    0.00667   25.00000    0.16667    0.00667   25.00000 
     10560  120    0.16667    0.00667   25.00000    0.16667    0.00667   25.00000 
     10680  120    0.16667    0.00667   25.00000    0.16667    0.00667   25.00000 
     10800  120    0.16667    0.00667   25.00000    0.16667    0.00667   25.00000 
      3600    1    0.41667    0.01667   25.00000    0.41667    0.01667   25.00000 
      3720  120    0.41667    0.01667   25.00000    0.41664    0.01667   24.99833 
      3840  120    0.41667    0.01667   25.00000    0.41667    0.01667   25.00000 
      3960  120    0.41667    0.01667   25.00000    0.41667    0.01667   25.00000 
      4080  120    0.41667    0.01667   25.00000    0.41667    0.01667   25.00000 
      4200  120    0.41667    0.01667   25.00000    0.41664    0.01667   24.99833 
      4320  120    0.41667    0.01667   25.00000    0.41661    0.01667   24.99667 
      4440  120    0.41667    0.01667   25.00000    0.41667    0.01667   25.00000 
      4560  120    0.41667    0.01667   25.00000    0.41664    0.01667   24.99833 
      4680  120    0.41667    0.01667   25.00000    0.41667    0.01667   25.00000 
      4800  120    0.41667    0.01667   25.00000    0.41664    0.01667   24.99833 
      4920  120    0.41664    0.01667   24.99833    0.41667    0.01667   25.00000 
      5040  120    0.41667    0.01667   25.00000    0.41664    0.01667   24.99833 
      5160  120    0.41664    0.01667   24.99833    0.41667    0.01667   25.00000 
      5280  120    0.41667    0.01667   25.00000    0.41667    0.01667   25.00000 
      5400  120    0.41667    0.01667   25.00000    0.41667    0.01667   25.00000 
      5520  120    0.41667    0.01667   25.00000    0.41664    0.01667   24.99833 
      5640  120    0.41667    0.01667   25.00000    0.41667    0.01667   25.00000 
      5760  120    0.41667    0.01667   25.00000    0.41667    0.01667   25.00000 
      5880  120    0.41667    0.01667   25.00000    0.41667    0.01667   25.00000 
      6000  120    0.41667    0.01667   25.00000    0.41667    0.01667   25.00000 
      6120  120    0.41667    0.01667   25.00000    0.41667    0.01667   25.00000 
      6240  120    0.41667    0.01667   25.00000    0.41667    0.01667   25.00000 
      6360  120    0.41667    0.01667   25.00000    0.41667    0.01667   25.00000 
      6480  120    0.41667    0.01667   25.00000    0.41667    0.01667   25.00000 
      6600  120    0.41667    0.01667   25.00000    0.41667    0.01667   25.00000 
      6720  120    0.41667    0.01667   25.00000    0.41667    0.01667   25.00000 
      6840  120    0.41667    0.01667   25.00000    0.41667    0.01667   25.00000 
      6960  120    0.41667    0.01667   25.00000    0.41667    0.01667   25.00000 
      7080  120    0.41667    0.01667   25.00000    0.41667    0.01667   25.00000 
      7200  120    0.41661    0.01667   24.99667    0.41667    0.01667   25.00000 
      7320  120    0.41667    0.01667   25.00000    0.41667    0.01667   25.00000 
      7440  120    0.41664    0.01667   24.99833    0.41667    0.01667   25.00000 
      7560  120    0.41667    0.01667   25.00000    0.41667    0.01667   25.00000 
      7680  120    0.41667    0.01667   25.00000    0.41667    0.01667   25.00000 
      7800  120    0.41661    0.01667   24.99667    0.41664    0.01667   24.99833 
      7920  120    0.41667    0.01667   25.00000    0.41667    0.01667   25.00000 
      8040  120    0.41664    0.01667   24.99833    0.41667    0.01667   25.00000 
      8160  120    0.41664    0.01667   24.99833    0.41667    0.01667   25.00000 
      8280  120    0.41658    0.01667   24.99500    0.41664    0.01667   24.99833 
      8400  120    0.41664    0.01667   24.99833    0.41667    0.01667   25.00000 
      8520  120    0.41664    0.01667   24.99833    0.41664    0.01667   24.99833 
      8640  120    0.41667    0.01667   25.00000    0.41667    0.01667   25.00000 
      8760  120    0.41667    0.01667   25.00000    0.41667    0.01667   25.00000 
      8880  120    0.41667    0.01667   25.00000    0.41667    0.01667   25.00000 
      9000  120    0.41667    0.01667   25.00000    0.41667    0.01667   25.00000 
      9120  120    0.41667    0.01667   25.00000    0.41667    0.01667   25.00000 
      9240  120    0.41664    0.01667   24.99833    0.41667    0.01667   25.00000 
      9360  120    0.41667    0.01667   25.00000    0.41667    0.01667   25.00000 
      9480  120    0.41667    0.01667   25.00000    0.41667    0.01667   25.00000 
      9600  120    0.41667    0.01667   25.00000    0.41667    0.01667   25.00000 
      9720  120    0.41667    0.01667   25.00000    0.41664    0.01667   24.99833 
      9840  120    0.41667    0.01667   25.00000    0.41667    0.01667   25.00000 
      9960  120    0.41667    0.01667   25.00000    0.41667    0.01667   25.00000 
     10080  120    0.41667    0.01667   25.00000    0.41667    0.01667   25.00000 
     10200  120    0.41664    0.01667   24.99833    0.41667    0.01667   25.00000 
     10320  120    0.41664    0.01667   24.99833    0.41664    0.01667   24.99833 
     10440  120    0.41667    0.01667   25.00000    0.41667    0.01667   25.00000 
     10560  120    0.41664    0.01667   24.99833    0.41664    0.01667   24.99833 
     10680  120    0.41664    0.01667   24.99833    0.41664    0.01667   24.99833 
     10800  120    0.41667    0.01667   25.00000    0.41667    0.01667   25.00000 
      3600    1    0.83333    0.03333   25.00000    0.66667    0.02667   25.00000 
      3600    1    0.25000    0.01000   25.00000    0.08333    0.00333   25.00000 
      3720  120    0.25000    0.01000   25.00000    0.08333    0.00333   25.00000 
      3840  120    0.25000    0.01000   25.00000    0.08333    0.00333   25.00000 
      3960  120    0.25000    0.01000   25.00000    0.08333    0.00333   25.00000 
      4080  120    0.25000    0.01000   25.00000    0.08333    0.00333   25.00000 
      4200  120    0.25000    0.01000   25.00000    0.08333    0.00333   25.00000 
      4320  120    0.25000    0.01000   25.00000    0.08333    0.00333   25.00000 
      4440  120    0.25000    0.01000   25.00000    0.08333    0.00333   25.00000 
      4560  120    0.25000    0.01000   25.00000    0.08333    0.00333   25.00000 
      4680  120    0.25000    0.01000   25.00000    0.08333    0.00333   25.00000 
      4800  120    0.25000    0.01000   25.00000    0.08333    0.00333   25.00000 
      4920  120    0.25000    0.01000   25.00000    0.08333    0.00333   25.00000 
      5040  120    0.24994    0.01000   24.99445    0.08333    0.00333   25.00000 
      5160  120    0.25000    0.01000   25.00000    0.08333    0.00333   25.00000 
      5280  120    0.25000    0.01000   25.00000    0.08333    0.00333   25.00000 
      5400  120    0.25000    0.01000   25.00000    0.08333    0.00333   25.00000 
      5520  120    0.25000    0.01000   25.00000    0.08333    0.00333   25.00000 
      5640  120    0.25000    0.01000   25.00000    0.08333    0.00333   25.00000 
      5760  120    0.25000    0.01000   25.00000    0.08333    0.00333   25.00000 
      5880  120    0.25000    0.01000   25.00000    0.08333    0.00333   25.00000 
      6000  120    0.25000    0.01000   25.00000    0.08333    0.00333   25.00000 
      6120  120    0.24997    0.01000   24.99722    0.08333    0.00333   25.00000 
      6240  120    0.24997    0.01000   24.99722    0.08333    0.00333   25.00000 
      6360  120    0.25000    0.01000   25.00000    0.08333    0.00333   25.00000 
      6480  120    0.25000    0.01000   25.00000    0.08331    0.00333   24.99167 
      6600  120    0.25000    0.01000   25.00000    0.08333    0.00333   25.00000 
      6720  120    0.25000    0.01000   25.00000    0.08331    0.00333   24.99167 
      6840  120    0.25000    0.01000   25.00000    0.08333    0.00333   25.00000 
      6960  120    0.25000    0.01000   25.00000    0.08333    0.00333   25.00000 
      7080  120    0.25000    0.01000   25.00000    0.08333    0.00333   25.00000 
      7200  120    0.25000    0.01000   25.00000    0.08333    0.00333   25.00000 
      7320  120    0.25000    0.01000   25.00000    0.08333    0.00333   25.00000 
      7440  120    0.25000    0.01000   25.00000    0.08333    0.00333   25.00000 
      7560  120    0.24997    0.01000   24.99722    0.08333    0.00333   25.00000 
      7680  120    0.25000    0.01000   25.00000    0.08333    0.00333   25.00000 
      3600    1    0.16667    0.00667   25.00000    0.16667    0.00667   25.00000 
      3720  120    0.16667    0.00667   25.00000    0.16667    0.00667   25.00000 
      3840  120    0.16667    0.00667   25.00000    0.16667    0.00667   25.00000 
      3960  120    0.16667    0.00667   25.00000    0.16664    0.00667   24.99583 
      4080  120    0.16667    0.00667   25.00000    0.16667    0.00667   25.00000 
      4200  120    0.16667    0.00667   25.00000    0.16667    0.00667   25.00000 
      4320  120    0.16667    0.00667   25.00000    0.16667    0.00667   25.00000 
      4440  120    0.16661    0.00667   24.99167    0.16667    0.00667   25.00000 
      4560  120    0.16667    0.00667   25.00000    0.16667    0.00667   25.00000 
      4680  120    0.16667    0.00667   25.00000    0.16664    0.00667   24.99583 
      4800  120    0.16667    0.00667   25.00000    0.16667    0.00667   25.00000 
      4920  120    0.16667    0.00667   25.00000    0.16667    0.00667   25.00000 
      3600    1    0.16667    0.00667   25.00000    0.16667    0.00667   25.00000 
      3720  120    0.16667    0.00667   25.00000    0.16667    0.00667   25.00000 
      3840  120    0.16667    0.00667   25.00000    0.16667    0.00667   25.00000 
      3960  120    0.16667    0.00667   25.00000    0.16667    0.00667   25.00000 
      4080  120    0.16667    0.00667   25.00000    0.16667    0.00667   25.00000 
      4200  120    0.16667    0.00667   25.00000    0.16667    0.00667   25.00000 
      4320  120    0.16667    0.00667   25.00000    0.16667    0.00667   25.00000 
      4440  120    0.16661    0.00667   24.99167    0.16667    0.00667   25.00000 
      4560  120    0.16667    0.00667   25.00000    0.16667    0.00667   25.00000 
      4680  120    0.16667    0.00667   25.00000    0.16667    0.00667   25.00000 
      4800  120    0.16667    0.00667   25.00000    0.16667    0.00667   25.00000 
      4920  120    0.16667    0.00667   25.00000    0.16667    0.00667   25.00000 
      5040  120    0.16667    0.00667   25.00000    0.16667    0.00667   25.00000 
      5160  120    0.16667    0.00667   25.00000    0.16667    0.00667   25.00000 
      5280  120    0.16667    0.00667   25.00000    0.16667    0.00667   25.00000 
      5400  120    0.16667    0.00667   25.00000    0.16667    0.00667   25.00000 
      5520  120    0.16664    0.00667   24.99583    0.16667    0.00667   25.00000 
      5640  120    0.16667    0.00667   25.00000    0.16667    0.00667   25.00000 
      5760  120    0.16667    0.00667   25.00000    0.16667    0.00667   25.00000 
      5880  120    0.16667    0.00667   25.00000    0.16667    0.00667   25.00000 
      6000  120    0.16667    0.00667   25.00000    0.16667    0.00667   25.00000 
      6120  120    0.16667    0.00667   25.00000    0.16667    0.00667   25.00000 
      6240  120    0.16667    0.00667   25.00000    0.16667    0.00667   25.00000 
      6360  120    0.16667    0.00667   25.00000    0.16667    0.00667   25.00000 
      6480  120    0.16667    0.00667   25.00000    0.16664    0.00667   24.99583 
      6600  120    0.16667    0.00667   25.00000    0.16667    0.00667   25.00000 
      6720  120    0.16667    0.00667   25.00000    0.16667    0.00667   25.00000 
      6840  120    0.16667    0.00667   25.00000    0.16667    0.00667   25.00000 
      6960  120    0.16667    0.00667   25.00000    0.16667    0.00667   25.00000 
      7080  120    0.16664    0.00667   24.99583    0.16667    0.00667   25.00000 
      7200  120    0.16664    0.00667   24.99583    0.16667    0.00667   25.00000 
      7320  120    0.16667    0.00667   25.00000    0.16667    0.00667   25.00000 
      7440  120    0.16664    0.00667   24.99583    0.16667    0.00667   25.00000 
      7560  120    0.16667    0.00667   25.00000    0.16667    0.00667   25.00000 
      7680  120    0.16667    0.00667   25.00000    0.16667    0.00667   25.00000 
      7800  120    0.16667    0.00667   25.00000    0.16667    0.00667   25.00000 
      7920  120    0.16667    0.00667   25.00000    0.16667    0.00667   25.00000 
      8040  120    0.16667    0.00667   25.00000    0.16667    0.00667   25.00000 
      8160  120    0.16667    0.00667   25.00000    0.16667    0.00667   25.00000 
      8280  120    0.16667    0.00667   25.00000    0.16667    0.00667   25.00000 
      8400  120    0.16667    0.00667   25.00000    0.16664    0.00667   24.99583 
      8520  120    0.16664    0.00667   24.99583    0.16667    0.00667   25.00000 
      8640  120    0.16667    0.00667   25.00000    0.16664    0.00667   24.99583 
      8760  120    0.16667    0.00667   25.00000    0.16664    0.00667   24.99583 
      8880  120    0.16667    0.00667   25.00000    0.16667    0.00667   25.00000 
      9000  120    0.16667    0.00667   25.00000    0.16667    0.00667   25.00000 
      9120  120    0.16667    0.00667   25.00000    0.16664    0.00667   24.99583 
      9240  120    0.16667    0.00667   25.00000    0.16667    0.00667   25.00000 
      9360  120    0.16667    0.00667   25.00000    0.16667    0.00667   25.00000 
      9480  120    0.16667    0.00667   25.00000    0.16667    0.00667   25.00000 
      9600  120    0.16667    0.00667   25.00000    0.16667    0.00667   25.00000 
      9720  120    0.16667    0.00667   25.00000    0.16667    0.00667   25.00000 
      9840  120    0.16667    0.00667   25.00000    0.16667    0.00667   25.00000 
      9960  120    0.16667    0.00667   25.00000    0.16667    0.00667   25.00000 
     10080  120    0.16667    0.00667   25.00000    0.16667    0.00667   25.00000 
     10200  120    0.16667    0.00667   25.00000    0.16667    0.00667   25.00000 
     10320  120    0.16667    0.00667   25.00000    0.16667    0.00667   25.00000 
     10440  120    0.16667    0.00667   25.00000    0.16667    0.00667   25.00000 
     10560  120    0.16667    0.00667   25.00000    0.16667    0.00667   25.00000 
     10680  120    0.16667    0.00667   25.00000    0.16667    0.00667   25.00000 
     10800  120    0.16667    0.00667   25.00000    0.16667    0.00667   25.00000 
      3600    1    0.50000    0.02000   25.00000    0.33333    0.01333   25.00000 
      3720  120    0.49994    0.02000   24.99722    0.33333    0.01333   25.00000 
      3840  120    0.49992    0.02000   24.99583    0.33333    0.01333   25.00000 
      3960  120    0.50000    0.02000   25.00000    0.33333    0.01333   25.00000 
      4080  120    0.50000    0.02000   25.00000    0.33333    0.01333   25.00000 
      4200  120    0.50000    0.02000   25.00000    0.33333    0.01333   25.00000 
      4320  120    0.50000    0.02000   25.00000    0.33333    0.01333   25.00000 
      4440  120    0.50000    0.02000   25.00000    0.33333    0.01333   25.00000 
      4560  120    0.50000    0.02000   25.00000    0.33331    0.01333   24.99792 
      4680  120    0.50000    0.02000   25.00000    0.33333    0.01333   25.00000 
      4800  120    0.50000    0.02000   25.00000    0.33333    0.01333   25.00000 
      4920  120    0.50000    0.02000   25.00000    0.33333    0.01333   25.00000 
      5040  120    0.50000    0.02000   25.00000    0.33333    0.01333   25.00000 
      5160  120    0.50000    0.02000   25.00000    0.33333    0.01333   25.00000 
      5280  120    0.50000    0.02000   25.00000    0.33331    0.01333   24.99792 
      5400  120    0.50000    0.02000   25.00000    0.33333    0.01333   25.00000 
      5520  120    0.50000    0.02000   25.00000    0.33331    0.01333   24.99792 
      5640  120    0.49997    0.02000   24.99861    0.33333    0.01333   25.00000 
      5760  120    0.50000    0.02000   25.00000    0.33333    0.01333   25.00000 
      5880  120    0.50000    0.02000   25.00000    0.33333    0.01333   25.00000 
      3600    1    0.16667    0.00667   25.00000    0.16667    0.00667   25.00000 
      3720  120    0.16667    0.00667   25.00000    0.16667    0.00667   25.00000 
      3840  120    0.16667    0.00667   25.00000    0.16667    0.00667   25.00000 
      3960  120    0.16667    0.00667   25.00000    0.16667    0.00667   25.00000 
      4080  120    0.16667    0.00667   25.00000    0.16667    0.00667   25.00000 
      4200  120    0.16667    0.00667   25.00000    0.16667    0.00667   25.00000 
      4320  120    0.16667    0.00667   25.00000    0.16667    0.00667   25.00000 
      4440  120    0.16667    0.00667   25.00000    0.16667    0.00667   25.00000 
      4560  120    0.16667    0.00667   25.00000    0.16667    0.00667   25.00000 
      4680  120    0.16667    0.00667   25.00000    0.16667    0.00667   25.00000 
      4800  120    0.16667    0.00667   25.00000    0.16667    0.00667   25.00000 
      4920  120    0.16667    0.00667   25.00000    0.16667    0.00667   25.00000 
      5040  120    0.16667    0.00667   25.00000    0.16667    0.00667   25.00000 
      5160  120    0.16667    0.00667   25.00000    0.16667    0.00667   25.00000 
      5280  120    0.16664    0.00667   24.99583    0.16667    0.00667   25.00000 
      5400  120    0.16667    0.00667   25.00000    0.16667    0.00667   25.00000 
      5520  120    0.16667    0.00667   25.00000    0.16667    0.00667   25.00000 
      5640  120    0.16667    0.00667   25.00000    0.16667    0.00667   25.00000 
      5760  120    0.16667    0.00667   25.00000    0.16667    0.00667   25.00000 
      5880  120    0.16667    0.00667   25.00000    0.16667    0.00667   25.00000 
      6000  120    0.16667    0.00667   25.00000    0.16667    0.00667   25.00000 
      3600    1    0.16667    0.00667   25.00000    0.16667    0.00667   25.00000 
      3720  120    0.16667    0.00667   25.00000    0.16667    0.00667   25.00000 
      3840  120    0.16667    0.00667   25.00000    0.16667    0.00667   25.00000 
      3960  120    0.16667    0.00667   25.00000    0.16667    0.00667   25.00000 
      4080  120    0.16667    0.00667   25.00000    0.16667    0.00667   25.00000 
      4200  120    0.16667    0.00667   25.00000    0.16667    0.00667   25.00000 
      4320  120    0.16667    0.00667   25.00000    0.16667    0.00667   25.00000 
      4440  120    0.16667    0.00667   25.00000    0.16667    0.00667   25.00000 
      4560  120    0.16667    0.00667   25.00000    0.16667    0.00667   25.00000 
      4680  120    0.16667    0.00667   25.00000    0.16664    0.00667   24.99583 
      4800  120    0.16667    0.00667   25.00000    0.16667    0.00667   25.00000 
      4920  120    0.16667    0.00667   25.00000    0.16667    0.00667   25.00000 
      5040  120    0.16667    0.00667   25.00000    0.16667    0.00667   25.00000 
      5160  120    0.16667    0.00667   25.00000    0.16667    0.00667   25.00000 
      5280  120    0.16667    0.00667   25.00000    0.16667    0.00667   25.00000 
      5400  120    0.16667    0.00667   25.00000    0.16667    0.00667   25.00000 
      5520  120    0.16667    0.00667   25.00000    0.16667    0.00667   25.00000 
      5640  120    0.16667    0.00667   25.00000    0.16667    0.00667   25.00000 
      5760  120    0.16667    0.00667   25.00000    0.16667    0.00667   25.00000 
      5880  120    0.16667    0.00667   25.00000    0.16664    0.00667   24.99583 
      6000  120    0.16667    0.00667   25.00000    0.16667    0.00667   25.00000 
      6120  120    0.16667    0.00667   25.00000    0.16667    0.00667   25.00000 
      6240  120    0.16667    0.00667   25.00000    0.16667    0.00667   25.00000 
      6360  120    0.16667    0.00667   25.00000    0.16667    0.00667   25.00000 
      6480  120    0.16664    0.00667   24.99583    0.16667    0.00667   25.00000 
      6600  120    0.16664    0.00667   24.99583    0.16667    0.00667   25.00000 
      6720  120    0.16667    0.00667   25.00000    0.16667    0.00667   25.00000 
      6840  120    0.16667    0.00667   25.00000    0.16667    0.00667   25.00000 
      6960  120    0.16667    0.00667   25.00000    0.16667    0.00667   25.00000 
      7080  120    0.16667    0.00667   25.00000    0.16667    0.00667   25.00000 
      7200  120    0.16667    0.00667   25.00000    0.16661    0.00667   24.99167 
      7320  120    0.16667    0.00667   25.00000    0.16667    0.00667   25.00000 
      7440  120    0.16667    0.00667   25.00000    0.16664    0.00667   24.99583 
      7560  120    0.16667    0.00667   25.00000    0.16667    0.00667   25.00000 
      7680  120    0.16667    0.00667   25.00000    0.16667    0.00667   25.00000 
      7800  120    0.16667    0.00667   25.00000    0.16667    0.00667   25.00000 
      7920  120    0.16667    0.00667   25.00000    0.16667    0.00667   25.00000 
      8040  120    0.16667    0.00667   25.00000    0.16667    0.00667   25.00000 
      8160  120    0.16667    0.00667   25.00000    0.16667    0.00667   25.00000 
      8280  120    0.16667    0.00667   25.00000    0.16667    0.00667   25.00000 
      8400  120    0.16667    0.00667   25.00000    0.16667    0.00667   25.00000 
      8520  120    0.16667    0.00667   25.00000    0.16667    0.00667   25.00000 
      8640  120    0.16667    0.00667   25.00000    0.16667    0.00667   25.00000 
      8760  120    0.16667    0.00667   25.00000    0.16667    0.00667   25.00000 
      8880  120    0.16667    0.00667   25.00000    0.16667    0.00667   25.00000 
      9000  120    0.16667    0.00667   25.00000    0.16667    0.00667   25.00000 
      9120  120    0.16667    0.00667   25.00000    0.16667    0.00667   25.00000 
      9240  120    0.16667    0.00667   25.00000    0.16667    0.00667   25.00000 
      9360  120    0.16667    0.00667   25.00000    0.16667    0.00667   25.00000 
      9480  120    0.16667    0.00667   25.00000    0.16667    0.00667   25.00000 
      9600  120    0.16667    0.00667   25.00000    0.16667    0.00667   25.00000 
      9720  120    0.16667    0.00667   25.00000    0.16667    0.00667   25.00000 
      9840  120    0.16667    0.00667   25.00000    0.16667    0.00667   25.00000 
      9960  120    0.16667    0.00667   25.00000    0.16667    0.00667   25.00000 
     10080  120    0.16667    0.00667   25.00000    0.16664    0.00667   24.99583 
     10200  120    0.16667    0.00667   25.00000    0.16667    0.00667   25.00000 
     10320  120    0.16667    0.00667   25.00000    0.16667    0.00667   25.00000 
     10440  120    0.16667    0.00667   25.00000    0.16667    0.00667   25.00000 
     10560  120    0.16667    0.00667   25.00000    0.16667    0.00667   25.00000 
     10680  120    0.16667    0.00667   25.00000    0.16667    0.00667   25.00000 
     10800  120    0.16661    0.00667   24.99167    0.16664    0.00667   24.99583 
      3600    1    0.41667    0.01667   25.00000    0.41667    0.01667   25.00000 
      3720  120    0.41664    0.01667   24.99833    0.41667    0.01667   25.00000 
      3840  120    0.41664    0.01667   24.99833    0.41667    0.01667   25.00000 
      3960  120    0.41667    0.01667   25.00000    0.41667    0.01667   25.00000 
      4080  120    0.41667    0.01667   25.00000    0.41667    0.01667   25.00000 
      4200  120    0.41667    0.01667   25.00000    0.41664    0.01667   24.99833 
      4320  120    0.41667    0.01667   25.00000    0.41664    0.01667   24.99833 
      4440  120    0.41667    0.01667   25.00000    0.41667    0.01667   25.00000 
      4560  120    0.41667    0.01667   25.00000    0.41667    0.01667   25.00000 
      4680  120    0.41661    0.01667   24.99667    0.41667    0.01667   25.00000 
      4800  120    0.41667    0.01667   25.00000    0.41667    0.01667   25.00000 
      4920  120    0.41667    0.01667   25.00000    0.41667    0.01667   25.00000 
      5040  120    0.41667    0.01667   25.00000    0.41667    0.01667   25.00000 
      5160  120    0.41664    0.01667   24.99833    0.41667    0.01667   25.00000 
      5280  120    0.41664    0.01667   24.99833    0.41667    0.01667   25.00000 
      3600    1    0.16667    0.00667   25.00000    0.16667    0.00667   25.00000 
      3720  120    0.16667    0.00667   25.00000    0.16667    0.00667   25.00000 
      3840  120    0.16667    0.00667   25.00000    0.16667    0.00667   25.00000 
      3960  120    0.16667    0.00667   25.00000    0.16667    0.00667   25.00000 
      4080  120    0.16667    0.00667   25.00000    0.16667    0.00667   25.00000 
      4200  120    0.16667    0.00667   25.00000    0.16667    0.00667   25.00000 
      4320  120    0.16664    0.00667   24.99583    0.16667    0.00667   25.00000 
      4440  120    0.16667    0.00667   25.00000    0.16667    0.00667   25.00000 
      4560  120    0.16667    0.00667   25.00000    0.16667    0.00667   25.00000 
      4680  120    0.16667    0.00667   25.00000    0.16667    0.00667   25.00000 
      4800  120    0.16667    0.00667   25.00000    0.16667    0.00667   25.00000 
      4920  120    0.16667    0.00667   25.00000    0.16667    0.00667   25.00000 
      5040  120    0.16667    0.00667   25.00000    0.16667    0.00667   25.00000 
      5160  120    0.16667    0.00667   25.00000    0.16667    0.00667   25.00000 
      5280  120    0.16667    0.00667   25.00000    0.16667    0.00667   25.00000 
      5400  120    0.16667    0.00667   25.00000    0.16667    0.00667   25.00000 
      5520  120    0.16664    0.00667   24.99583    0.16667    0.00667   25.00000 
      5640  120    0.16667    0.00667   25.00000    0.16667    0.00667   25.00000 
      5760  120    0.16667    0.00667   25.00000    0.16667    0.00667   25.00000 
      5880  120    0.16667    0.00667   25.00000    0.16667    0.00667   25.00000 
      6000  120    0.16664    0.00667   24.99583    0.16667    0.00667   25.00000 
      6120  120    0.16667    0.00667   25.00000    0.16667    0.00667   25.00000 
      6240  120    0.16667    0.00667   25.00000    0.16667    0.00667   25.00000 
      6360  120    0.16667    0.00667   25.00000    0.16667    0.00667   25.00000 
      6480  120    0.16667    0.00667   25.00000    0.16667    0.00667   25.00000 
      6600  120    0.16667    0.00667   25.00000    0.16667    0.00667   25.00000 
      6720  120    0.16667    0.00667   25.00000    0.16667    0.00667   25.00000 
      6840  120    0.16667    0.00667   25.00000    0.16667    0.00667   25.00000 
      6960  120    0.16667    0.00667   25.00000    0.16667    0.00667   25.00000 
      7080  120    0.16667    0.00667   25.00000    0.16667    0.00667   25.00000 
      7200  120    0.16664    0.00667   24.99583    0.16667    0.00667   25.00000 
      7320  120    0.16667    0.00667   25.00000    0.16664    0.00667   24.99583 
      7440  120    0.16667    0.00667   25.00000    0.16667    0.00667   25.00000 
      7560  120    0.16667    0.00667   25.00000    0.16667    0.00667   25.00000 
      7680  120    0.16667    0.00667   25.00000    0.16664    0.00667   24.99583 
      7800  120    0.16667    0.00667   25.00000    0.16667    0.00667   25.00000 
      7920  120    0.16667    0.00667   25.00000    0.16667    0.00667   25.00000 
      8040  120    0.16667    0.00667   25.00000    0.16667    0.00667   25.00000 
      8160  120    0.16667    0.00667   25.00000    0.16667    0.00667   25.00000 
      8280  120    0.16667    0.00667   25.00000    0.16667    0.00667   25.00000 
      8400  120    0.16667    0.00667   25.00000    0.16667    0.00667   25.00000 
      8520  120    0.16667    0.00667   25.00000    0.16667    0.00667   25.00000 
      8640  120    0.16667    0.00667   25.00000    0.16667    0.00667   25.00000 
      8760  120    0.16667    0.00667   25.00000    0.16667    0.00667   25.00000 
      8880  120    0.16667    0.00667   25.00000    0.16667    0.00667   25.00000 
      9000  120    0.16667    0.00667   25.00000    0.16667    0.00667   25.00000 
      9120  120    0.16667    0.00667   25.00000    0.16667    0.00667   25.00000 
      9240  120    0.16667    0.00667   25.00000    0.16667    0.00667   25.00000 
      9360  120    0.16667    0.00667   25.00000    0.16664    0.00667   24.99583 
      9480  120    0.16667    0.00667   25.00000    0.16667    0.00667   25.00000 
      9600  120    0.16667    0.00667   25.00000    0.16667    0.00667   25.00000 
      9720  120    0.16667    0.00667   25.00000    0.16667    0.00667   25.00000 
      9840  120    0.16667    0.00667   25.00000    0.16667    0.00667   25.00000 
      9960  120    0.16667    0.00667   25.00000    0.16667    0.00667   25.00000 
     10080  120    0.16667    0.00667   25.00000    0.16667    0.00667   25.00000 
     10200  120    0.16667    0.00667   25.00000    0.16667    0.00667   25.00000 
     10320  120    0.16667    0.00667   25.00000    0.16667    0.00667   25.00000 
     10440  120    0.16667    0.00667   25.00000    0.16667    0.00667   25.00000 
     10560  120    0.16667    0.00667   25.00000    0.16667    0.00667   25.00000 
     10680  120    0.16667    0.00667   25.00000    0.16664    0.00667   24.99583 
     10800  120    0.16667    0.00667   25.00000    0.16667    0.00667   25.00000 
      3600    1    0.41667    0.01667   25.00000    0.41667    0.01667   25.00000 
      3720  120    0.41667    0.01667   25.00000    0.41667    0.01667   25.00000 
      3840  120    0.41667    0.01667   25.00000    0.41664    0.01667   24.99833 
      3960  120    0.41667    0.01667   25.00000    0.41667    0.01667   25.00000 
      4080  120    0.41667    0.01667   25.00000    0.41667    0.01667   25.00000 
      4200  120    0.41667    0.01667   25.00000    0.41667    0.01667   25.00000 
      4320  120    0.41667    0.01667   25.00000    0.41667    0.01667   25.00000 
      4440  120    0.41667    0.01667   25.00000    0.41667    0.01667   25.00000 
      4560  120    0.41667    0.01667   25.00000    0.41667    0.01667   25.00000 
      4680  120    0.41667    0.01667   25.00000    0.41667    0.01667   25.00000 
      4800  120    0.41664    0.01667   24.99833    0.41667    0.01667   25.00000 
      4920  120    0.41667    0.01667   25.00000    0.41667    0.01667   25.00000 
      5040  120    0.41667    0.01667   25.00000    0.41667    0.01667   25.00000 
      5160  120    0.41667    0.01667   25.00000    0.41667    0.01667   25.00000 
      5280  120    0.41661    0.01667   24.99667    0.41667    0.01667   25.00000 
      5400  120    0.41661    0.01667   24.99667    0.41664    0.01667   24.99833 
      5520  120    0.41664    0.01667   24.99833    0.41667    0.01667   25.00000 
      5640  120    0.41667    0.01667   25.00000    0.41667    0.01667   25.00000 
      3600    1    0.16667    0.00667   25.00000    0.16667    0.00667   25.00000 
      3720  120    0.16667    0.00667   25.00000    0.16664    0.00667   24.99583 
      3840  120    0.16667    0.00667   25.00000    0.16667    0.00667   25.00000 
      3960  120    0.16667    0.00667   25.00000    0.16667    0.00667   25.00000 
      4080  120    0.16667    0.00667   25.00000    0.16667    0.00667   25.00000 
      4200  120    0.16667    0.00667   25.00000    0.16667    0.00667   25.00000 
      4320  120    0.16667    0.00667   25.00000    0.16667    0.00667   25.00000 
      4440  120    0.16664    0.00667   24.99583    0.16667    0.00667   25.00000 
      4560  120    0.16667    0.00667   25.00000    0.16667    0.00667   25.00000 
      4680  120    0.16667    0.00667   25.00000    0.16667    0.00667   25.00000 
      4800  120    0.16667    0.00667   25.00000    0.16667    0.00667   25.00000 
      4920  120    0.16664    0.00667   24.99583    0.16667    0.00667   25.00000 
      5040  120    0.16667    0.00667   25.00000    0.16667    0.00667   25.00000 
      5160  120    0.16667    0.00667   25.00000    0.16667    0.00667   25.00000 
      5280  120    0.16667    0.00667   25.00000    0.16667    0.00667   25.00000 
      5400  120    0.16667    0.00667   25.00000    0.16667    0.00667   25.00000 
      5520  120    0.16667    0.00667   25.00000    0.16667    0.00667   25.00000 
      5640  120    0.16667    0.00667   25.00000    0.16667    0.00667   25.00000 
      5760  120    0.16667    0.00667   25.00000    0.16667    0.00667   25.00000 
      5880  120    0.16667    0.00667   25.00000    0.16667    0.00667   25.00000 
      6000  120    0.16667    0.00667   25.00000    0.16667    0.00667   25.00000 
      6120  120    0.16667    0.00667   25.00000    0.16667    0.00667   25.00000 
      6240  120    0.16667    0.00667   25.00000    0.16667    0.00667   25.00000 
      6360  120    0.16667    0.00667   25.00000    0.16664    0.00667   24.99583 
      6480  120    0.16667    0.00667   25.00000    0.16667    0.00667   25.00000 
      6600  120    0.16667    0.00667   25.00000    0.16667    0.00667   25.00000 
      6720  120    0.16667    0.00667   25.00000    0.16667    0.00667   25.00000 
      6840  120    0.16667    0.00667   25.00000    0.16667    0.00667   25.00000 
      6960  120    0.16667    0.00667   25.00000    0.16667    0.00667   25.00000 
      7080  120    0.16664    0.00667   24.99583    0.16667    0.00667   25.00000 
      7200  120    0.16667    0.00667   25.00000    0.16667    0.00667   25.00000 
      7320  120    0.16667    0.00667   25.00000    0.16667    0.00667   25.00000 
      7440  120    0.16667    0.00667   25.00000    0.16667    0.00667   25.00000 
      7560  120    0.16667    0.00667   25.00000    0.16667    0.00667   25.00000 
      7680  120    0.16664    0.00667   24.99583    0.16667    0.00667   25.00000 
      7800  120    0.16667    0.00667   25.00000    0.16667    0.00667   25.00000 
      7920  120    0.16667    0.00667   25.00000    0.16667    0.00667   25.00000 
      8040  120    0.16667    0.00667   25.00000    0.16667    0.00667   25.00000 
      8160  120    0.16667    0.00667   25.00000    0.16667    0.00667   25.00000 
      8280  120    0.16667    0.00667   25.00000    0.16667    0.00667   25.00000 
      8400  120    0.16667    0.00667   25.00000    0.16667    0.00667   25.00000 
      8520  120    0.16667    0.00667   25.00000    0.16667    0.00667   25.00000 
      8640  120    0.16667    0.00667   25.00000    0.16667    0.00667   25.00000 
      8760  120    0.16667    0.00667   25.00000    0.16667    0.00667   25.00000 
      8880  120    0.16667    0.00667   25.00000    0.16667    0.00667   25.00000 
      9000  120    0.16667    0.00667   25.00000    0.16667    0.00667   25.00000 
      9120  120    0.16667    0.00667   25.00000    0.16667    0.00667   25.00000 
      9240  120    0.16667    0.00667   25.00000    0.16667    0.00667   25.00000 
      9360  120    0.16667    0.00667   25.00000    0.16667    0.00667   25.00000 
      9480  120    0.16667    0.00667   25.00000    0.16667    0.00667   25.00000 
      9600  120    0.16667    0.00667   25.00000    0.16667    0.00667   25.00000 
      9720  120    0.16667    0.00667   25.00000    0.16667    0.00667   25.00000 
      9840  120    0.16667    0.00667   25.00000    0.16667    0.00667   25.00000 
      9960  120    0.16667    0.00667   25.00000    0.16664    0.00667   24.99583 
     10080  120    0.16667    0.00667   25.00000    0.16667    0.00667   25.00000 
     10200  120    0.16667    0.00667   25.00000    0.16667    0.00667   25.00000 
     10320  120    0.16667    0.00667   25.00000    0.16667    0.00667   25.00000 
     10440  120    0.16667    0.00667   25.00000    0.16667    0.00667   25.00000 
     10560  120    0.16667    0.00667   25.00000    0.16667    0.00667   25.00000 
     10680  120    0.16667    0.00667   25.00000    0.16667    0.00667   25.00000 
     10800  120    0.16667    0.00667   25.00000    0.16667    0.00667   25.00000 
      3600    1    0.41667    0.01667   25.00000    0.41667    0.01667   25.00000 
      3720  120    0.41664    0.01667   24.99833    0.41667    0.01667   25.00000 
      3840  120    0.41667    0.01667   25.00000    0.41667    0.01667   25.00000 
      3960  120    0.41667    0.01667   25.00000    0.41667    0.01667   25.00000 
      4080  120    0.41667    0.01667   25.00000    0.41667    0.01667   25.00000 
      4200  120    0.41667    0.01667   25.00000    0.41667    0.01667   25.00000 
      4320  120    0.41664    0.01667   24.99833    0.41667    0.01667   25.00000 
      3600    1    0.16667    0.00667   25.00000    0.16667    0.00667   25.00000 
      3720  120    0.16667    0.00667   25.00000    0.16667    0.00667   25.00000 
      3840  120    0.16667    0.00667   25.00000    0.16667    0.00667   25.00000 
      3960  120    0.16667    0.00667   25.00000    0.16667    0.00667   25.00000 
      4080  120    0.16667    0.00667   25.00000    0.16667    0.00667   25.00000 
      4200  120    0.16667    0.00667   25.00000    0.16667    0.00667   25.00000 
      4320  120    0.16667    0.00667   25.00000    0.16667    0.00667   25.00000 
      4440  120    0.16667    0.00667   25.00000    0.16667    0.00667   25.00000 
      4560  120    0.16667    0.00667   25.00000    0.16667    0.00667   25.00000 
      4680  120    0.16667    0.00667   25.00000    0.16667    0.00667   25.00000 
      4800  120    0.16667    0.00667   25.00000    0.16667    0.00667   25.00000 
      4920  120    0.16667    0.00667   25.00000    0.16667    0.00667   25.00000 
      5040  120    0.16664    0.00667   24.99583    0.16667    0.00667   25.00000 
      5160  120    0.16667    0.00667   25.00000    0.16667    0.00667   25.00000 
      5280  120    0.16667    0.00667   25.00000    0.16667    0.00667   25.00000 
      5400  120    0.16664    0.00667   24.99583    0.16667    0.00667   25.00000 
      5520  120    0.16667    0.00667   25.00000    0.16667    0.00667   25.00000 
      3600    1    0.16667    0.00667   25.00000    0.16667    0.00667   25.00000 
      3720  120    0.16664    0.00667   24.99583    0.16667    0.00667   25.00000 
      3840  120    0.16667    0.00667   25.00000    0.16667    0.00667   25.00000 
      3960  120    0.16667    0.00667   25.00000    0.16667    0.00667   25.00000 
      4080  120    0.16667    0.00667   25.00000    0.16667    0.00667   25.00000 
      4200  120    0.16667    0.00667   25.00000    0.16667    0.00667   25.00000 
      4320  120    0.16667    0.00667   25.00000    0.16667    0.00667   25.00000 
      4440  120    0.16667    0.00667   25.00000    0.16667    0.00667   25.00000 
      4560  120    0.16667    0.00667   25.00000    0.16667    0.00667   25.00000 
      4680  120    0.16667    0.00667   25.00000    0.16661    0.00667   24.99167 
      4800  120    0.16667    0.00667   25.00000    0.16667    0.00667   25.00000 
      4920  120    0.16667    0.00667   25.00000    0.16667    0.00667   25.00000 
      5040  120    0.16667    0.00667   25.00000    0.16664    0.00667   24.99583 
      5160  120    0.16667    0.00667   25.00000    0.16667    0.00667   25.00000 
      5280  120    0.16667    0.00667   25.00000    0.16667    0.00667   25.00000 
      5400  120    0.16667    0.00667   25.00000    0.16667    0.00667   25.00000 
      5520  120    0.16667    0.00667   25.00000    0.16667    0.00667   25.00000 
      5640  120    0.16667    0.00667   25.00000    0.16667    0.00667   25.00000 
      5760  120    0.16667    0.00667   25.00000    0.16667    0.00667   25.00000 
      5880  120    0.16667    0.00667   25.00000    0.16667    0.00667   25.00000 
      6000  120    0.16667    0.00667   25.00000    0.16667    0.00667   25.00000 
      6120  120    0.16667    0.00667   25.00000    0.16667    0.00667   25.00000 
      6240  120    0.16667    0.00667   25.00000    0.16667    0.00667   25.00000 
      6360  120    0.16667    0.00667   25.00000    0.16667    0.00667   25.00000 
      6480  120    0.16667    0.00667   25.00000    0.16667    0.00667   25.00000 
      6600  120    0.16667    0.00667   25.00000    0.16667    0.00667   25.00000 
      6720  120    0.16661    0.00667   24.99167    0.16667    0.00667   25.00000 
      6840  120    0.16667    0.00667   25.00000    0.16667    0.00667   25.00000 
      6960  120    0.16667    0.00667   25.00000    0.16667    0.00667   25.00000 
      7080  120    0.16667    0.00667   25.00000    0.16667    0.00667   25.00000 
      7200  120    0.16667    0.00667   25.00000    0.16667    0.00667   25.00000 
      7320  120    0.16667    0.00667   25.00000    0.16667    0.00667   25.00000 
      7440  120    0.16667    0.00667   25.00000    0.16667    0.00667   25.00000 
      7560  120    0.16667    0.00667   25.00000    0.16667    0.00667   25.00000 
      7680  120    0.16664    0.00667   24.99583    0.16667    0.00667   25.00000 
      7800  120    0.16667    0.00667   25.00000    0.16667    0.00667   25.00000 
      7920  120    0.16667    0.00667   25.00000    0.16667    0.00667   25.00000 
      8040  120    0.16667    0.00667   25.00000    0.16667    0.00667   25.00000 
      8160  120    0.16667    0.00667   25.00000    0.16667    0.00667   25.00000 
      8280  120    0.16664    0.00667   24.99583    0.16667    0.00667   25.00000 
      8400  120    0.16664    0.00667   24.99583    0.16667    0.00667   25.00000 
      8520  120    0.16667    0.00667   25.00000    0.16664    0.00667   24.99583 
      8640  120    0.16667    0.00667   25.00000    0.16667    0.00667   25.00000 
      8760  120    0.16667    0.00667   25.00000    0.16667    0.00667   25.00000 
      8880  120    0.16667    0.00667   25.00000    0.16667    0.00667   25.00000 
      9000  120    0.16667    0.00667   25.00000    0.16667    0.00667   25.00000 
      9120  120    0.16667    0.00667   25.00000    0.16667    0.00667   25.00000 
      9240  120    0.16667    0.00667   25.00000    0.16667    0.00667   25.00000 
      9360  120    0.16667    0.00667   25.00000    0.16667    0.00667   25.00000 
      9480  120    0.16667    0.00667   25.00000    0.16667    0.00667   25.00000 
      9600  120    0.16667    0.00667   25.00000    0.16667    0.00667   25.00000 
      9720  120    0.16667    0.00667   25.00000    0.16667    0.00667   25.00000 
      9840  120    0.16667    0.00667   25.00000    0.16667    0.00667   25.00000 
      9960  120    0.16667    0.00667   25.00000    0.16667    0.00667   25.00000 
     10080  120    0.16667    0.00667   25.00000    0.16667    0.00667   25.00000 
     10200  120    0.16664    0.00667   24.99583    0.16667    0.00667   25.00000 
     10320  120    0.16667    0.00667   25.00000    0.16667    0.00667   25.00000 
     10440  120    0.16667    0.00667   25.00000    0.16667    0.00667   25.00000 
     10560  120    0.16667    0.00667   25.00000    0.16664    0.00667   24.99583 
     10680  120    0.16667    0.00667   25.00000    0.16667    0.00667   25.00000 
     10800  120    0.16667    0.00667   25.00000    0.16667    0.00667   25.00000 
      3600    1    0.50000    0.02000   25.00000    0.33333    0.01333   25.00000 
      3720  120    0.49997    0.02000   24.99861    0.33333    0.01333   25.00000 
      3840  120    0.49997    0.02000   24.99861    0.33331    0.01333   24.99792 
      3960  120    0.50000    0.02000   25.00000    0.33333    0.01333   25.00000 
      4080  120    0.50000    0.02000   25.00000    0.33333    0.01333   25.00000 
      4200  120    0.50000    0.02000   25.00000    0.33333    0.01333   25.00000 
      4320  120    0.50000    0.02000   25.00000    0.33333    0.01333   25.00000 
      4440  120    0.50000    0.02000   25.00000    0.33333    0.01333   25.00000 
      4560  120    0.50000    0.02000   25.00000    0.33333    0.01333   25.00000 
      4680  120    0.50000    0.02000   25.00000    0.33333    0.01333   25.00000 
      4800  120    0.49994    0.02000   24.99722    0.33333    0.01333   25.00000 
      4920  120    0.50000    0.02000   25.00000    0.33333    0.01333   25.00000 
      5040  120    0.49997    0.02000   24.99861    0.33333    0.01333   25.00000 
      5160  120    0.50000    0.02000   25.00000    0.33333    0.01333   25.00000 
      5280  120    0.50000    0.02000   25.00000    0.33333    0.01333   25.00000 
      5400  120    0.50000    0.02000   25.00000    0.33325    0.01333   24.99375 
      5520  120    0.50000    0.02000   25.00000    0.33333    0.01333   25.00000 
      5640  120    0.50000    0.02000   25.00000    0.33333    0.01333   25.00000 
      5760  120    0.50000    0.02000   25.00000    0.33333    0.01333   25.00000 
      5880  120    0.50000    0.02000   25.00000    0.33333    0.01333   25.00000 
      6000  120    0.50000    0.02000   25.00000    0.33333    0.01333   25.00000 
      6120  120    0.50000    0.02000   25.00000    0.33333    0.01333   25.00000 
      6240  120    0.50000    0.02000   25.00000    0.33333    0.01333   25.00000 
      6360  120    0.50000    0.02000   25.00000    0.33333    0.01333   25.00000 
      6480  120    0.50000    0.02000   25.00000    0.33333    0.01333   25.00000 
      6600  120    0.50000    0.02000   25.00000    0.33333    0.01333   25.00000 
      6720  120    0.49994    0.02000   24.99722    0.33333    0.01333   25.00000 
      6840  120    0.50000    0.02000   25.00000    0.33328    0.01333   24.99583 
      6960  120    0.50000    0.02000   25.00000    0.33333    0.01333   25.00000 
      7080  120    0.50000    0.02000   25.00000    0.33331    0.01333   24.99792 
      7200  120    0.50000    0.02000   25.00000    0.33333    0.01333   25.00000 
      7320  120    0.50000    0.02000   25.00000    0.33333    0.01333   25.00000 
      7440  120    0.50000    0.02000   25.00000    0.33333    0.01333   25.00000 
      7560  120    0.50000    0.02000   25.00000    0.33333    0.01333   25.00000 
      7680  120    0.50000    0.02000   25.00000    0.33333    0.01333   25.00000 
      7800  120    0.50000    0.02000   25.00000    0.33333    0.01333   25.00000 
      7920  120    0.49997    0.02000   24.99861    0.33333    0.01333   25.00000 
      8040  120    0.50000    0.02000   25.00000    0.33333    0.01333   25.00000 
      8160  120    0.50000    0.02000   25.00000    0.33333    0.01333   25.00000 
      8280  120    0.50000    0.02000   25.00000    0.33333    0.01333   25.00000 
      8400  120    0.50000    0.02000   25.00000    0.33333    0.01333   25.00000 
      8520  120    0.49997    0.02000   24.99861    0.33333    0.01333   25.00000 
      8640  120    0.50000    0.02000   25.00000    0.33333    0.01333   25.00000 
      8760  120    0.50000    0.02000   25.00000    0.33331    0.01333   24.99792 
      8880  120    0.50000    0.02000   25.00000    0.33333    0.01333   25.00000 
      9000  120    0.50000    0.02000   25.00000    0.33333    0.01333   25.00000 
      9120  120    0.50000    0.02000   25.00000    0.33333    0.01333   25.00000 
      9240  120    0.50000    0.02000   25.00000    0.33333    0.01333   25.00000 
      9360  120    0.50000    0.02000   25.00000    0.33333    0.01333   25.00000 
      9480  120    0.50000    0.02000   25.00000    0.33333    0.01333   25.00000 
      9600  120    0.49983    0.02000   24.99167    0.33333    0.01333   25.00000 
      9720  120    0.50000    0.02000   25.00000    0.33333    0.01333   25.00000 
      9840  120    0.50000    0.02000   25.00000    0.33333    0.01333   25.00000 
      9960  120    0.50000    0.02000   25.00000    0.33333    0.01333   25.00000 
     10080  120    0.50000    0.02000   25.00000    0.33333    0.01333   25.00000 
     10200  120    0.50000    0.02000   25.00000    0.33333    0.01333   25.00000 
     10320  120    0.49994    0.02000   24.99722    0.33333    0.01333   25.00000 
     10440  120    0.50000    0.02000   25.00000    0.33333    0.01333   25.00000 
     10560  120    0.50000    0.02000   25.00000    0.33333    0.01333   25.00000 
     10680  120    0.50000    0.02000   25.00000    0.33333    0.01333   25.00000 
     10800  120    0.49997    0.02000   24.99861    0.33333    0.01333   25.00000 
      3600    1    0.66667    0.02667   25.00000    0.83333    0.03333   25.00000 
      3720  120    0.66667    0.02667   25.00000    0.83328    0.03333   24.99833 
      3840  120    0.66667    0.02667   25.00000    0.83331    0.03333   24.99917 
      3960  120    0.66667    0.02667   25.00000    0.83331    0.03333   24.99917 
      4080  120    0.66667    0.02667   25.00000    0.83333    0.03333   25.00000 
      4200  120    0.66664    0.02667   24.99896    0.83333    0.03333   25.00000 
      4320  120    0.66667    0.02667   25.00000    0.83333    0.03333   25.00000 
      4440  120    0.66667    0.02667   25.00000    0.83333    0.03333   25.00000 
      4560  120    0.66667    0.02667   25.00000    0.83333    0.03333   25.00000 
      4680  120    0.66667    0.02667   25.00000    0.83331    0.03333   24.99917 
      4800  120    0.66667    0.02667   25.00000    0.83333    0.03333   25.00000 
      4920  120    0.66667    0.02667   25.00000    0.83333    0.03333   25.00000 
      5040  120    0.66667    0.02667   25.00000    0.83333    0.03333   25.00000 
      5160  120    0.66664    0.02667   24.99896    0.83333    0.03333   25.00000 
      5280  120    0.66667    0.02667   25.00000    0.83333    0.03333   25.00000 
      5400  120    0.66667    0.02667   25.00000    0.83333    0.03333   25.00000 
      5520  120    0.66667    0.02667   25.00000    0.83333    0.03333   25.00000 
      5640  120    0.66667    0.02667   25.00000    0.83333    0.03333   25.00000 
      5760  120    0.66664    0.02667   24.99896    0.83333    0.03333   25.00000 
      5880  120    0.66667    0.02667   25.00000    0.83333    0.03333   25.00000 
      6000  120    0.66667    0.02667   25.00000    0.83333    0.03333   25.00000 
      6120  120    0.66667    0.02667   25.00000    0.83328    0.03333   24.99833 
      6240  120    0.66658    0.02667   24.99688    0.83333    0.03333   25.00000 
      6360  120    0.66667    0.02667   25.00000    0.83333    0.03333   25.00000 
      3600    1    0.16667    0.00667   25.00000    0.16667    0.00667   25.00000 
      3720  120    0.16667    0.00667   25.00000    0.16667    0.00667   25.00000 
      3840  120    0.16667    0.00667   25.00000    0.16664    0.00667   24.99583 
      3960  120    0.16667    0.00667   25.00000    0.16667    0.00667   25.00000 
      4080  120    0.16667    0.00667   25.00000    0.16667    0.00667   25.00000 
      4200  120    0.16667    0.00667   25.00000    0.16667    0.00667   25.00000 
      4320  120    0.16667    0.00667   25.00000    0.16664    0.00667   24.99583 
      4440  120    0.16667    0.00667   25.00000    0.16667    0.00667   25.00000 
      4560  120    0.16667    0.00667   25.00000    0.16667    0.00667   25.00000 
      4680  120    0.16667    0.00667   25.00000    0.16667    0.00667   25.00000 
      4800  120    0.16667    0.00667   25.00000    0.16667    0.00667   25.00000 
      4920  120    0.16667    0.00667   25.00000    0.16667    0.00667   25.00000 
      5040  120    0.16667    0.00667   25.00000    0.16667    0.00667   25.00000 
      5160  120    0.16667    0.00667   25.00000    0.16667    0.00667   25.00000 
      5280  120    0.16667    0.00667   25.00000    0.16664    0.00667   24.99583 
      5400  120    0.16667    0.00667   25.00000    0.16667    0.00667   25.00000 
      5520  120    0.16664    0.00667   24.99583    0.16667    0.00667   25.00000 
      5640  120    0.16667    0.00667   25.00000    0.16667    0.00667   25.00000 
      5760  120    0.16667    0.00667   25.00000    0.16667    0.00667   25.00000 
      5880  120    0.16667    0.00667   25.00000    0.16664    0.00667   24.99583 
      6000  120    0.16667    0.00667   25.00000    0.16667    0.00667   25.00000 
      6120  120    0.16667    0.00667   25.00000    0.16667    0.00667   25.00000 
      6240  120    0.16667    0.00667   25.00000    0.16667    0.00667   25.00000 
      6360  120    0.16667    0.00667   25.00000    0.16667    0.00667   25.00000 
      6480  120    0.16667    0.00667   25.00000    0.16667    0.00667   25.00000 
      6600  120    0.16667    0.00667   25.00000    0.16667    0.00667   25.00000 
      6720  120    0.16667    0.00667   25.00000    0.16667    0.00667   25.00000 
      6840  120    0.16667    0.00667   25.00000    0.16667    0.00667   25.00000 
      6960  120    0.16664    0.00667   24.99583    0.16667    0.00667   25.00000 
      7080  120    0.16667    0.00667   25.00000    0.16667    0.00667   25.00000 
      7200  120    0.16667    0.00667   25.00000    0.16667    0.00667   25.00000 
      7320  120    0.16667    0.00667   25.00000    0.16667    0.00667   25.00000 
      7440  120    0.16667    0.00667   25.00000    0.16667    0.00667   25.00000 
      7560  120    0.16667    0.00667   25.00000    0.16667    0.00667   25.00000 
      7680  120    0.16667    0.00667   25.00000    0.16667    0.00667   25.00000 
      7800  120    0.16667    0.00667   25.00000    0.16667    0.00667   25.00000 
      7920  120    0.16667    0.00667   25.00000    0.16667    0.00667   25.00000 
      8040  120    0.16667    0.00667   25.00000    0.16667    0.00667   25.00000 
      8160  120    0.16667    0.00667   25.00000    0.16667    0.00667   25.00000 
      8280  120    0.16664    0.00667   24.99583    0.16664    0.00667   24.99583 
      8400  120    0.16667    0.00667   25.00000    0.16667    0.00667   25.00000 
      8520  120    0.16667    0.00667   25.00000    0.16667    0.00667   25.00000 
      8640  120    0.16667    0.00667   25.00000    0.16664    0.00667   24.99583 
      8760  120    0.16667    0.00667   25.00000    0.16667    0.00667   25.00000 
      8880  120    0.16667    0.00667   25.00000    0.16667    0.00667   25.00000 
      9000  120    0.16667    0.00667   25.00000    0.16667    0.00667   25.00000 
      9120  120    0.16667    0.00667   25.00000    0.16664    0.00667   24.99583 
      9240  120    0.16667    0.00667   25.00000    0.16667    0.00667   25.00000 
      9360  120    0.16667    0.00667   25.00000    0.16667    0.00667   25.00000 
      9480  120    0.16664    0.00667   24.99583    0.16664    0.00667   24.99583 
      9600  120    0.16667    0.00667   25.00000    0.16667    0.00667   25.00000 
      9720  120    0.16667    0.00667   25.00000    0.16667    0.00667   25.00000 
      9840  120    0.16667    0.00667   25.00000    0.16667    0.00667   25.00000 
      9960  120    0.16667    0.00667   25.00000    0.16667    0.00667   25.00000 
     10080  120    0.16667    0.00667   25.00000    0.16667    0.00667   25.00000 
     10200  120    0.16667    0.00667   25.00000    0.16667    0.00667   25.00000 
     10320  120    0.16667    0.00667   25.00000    0.16667    0.00667   25.00000 
     10440  120    0.16667    0.00667   25.00000    0.16667    0.00667   25.00000 
     10560  120    0.16667    0.00667   25.00000    0.16667    0.00667   25.00000 
     10680  120    0.16667    0.00667   25.00000    0.16667    0.00667   25.00000 
     10800  120    0.16664    0.00667   24.99583    0.16667    0.00667   25.00000 
      3600    1    0.33333    0.01333   25.00000    0.50000    0.02000   25.00000 
      3720  120    0.33333    0.01333   25.00000    0.50000    0.02000   25.00000 
      3840  120    0.33333    0.01333   25.00000    0.50000    0.02000   25.00000 
      3960  120    0.33333    0.01333   25.00000    0.50000    0.02000   25.00000 
      4080  120    0.33333    0.01333   25.00000    0.50000    0.02000   25.00000 
      4200  120    0.33333    0.01333   25.00000    0.49997    0.02000   24.99861 
      4320  120    0.33333    0.01333   25.00000    0.49997    0.02000   24.99861 
      4440  120    0.33333    0.01333   25.00000    0.49997    0.02000   24.99861 
      4560  120    0.33333    0.01333   25.00000    0.50000    0.02000   25.00000 
      4680  120    0.33333    0.01333   25.00000    0.50000    0.02000   25.00000 
      4800  120    0.33333    0.01333   25.00000    0.50000    0.02000   25.00000 
      4920  120    0.33333    0.01333   25.00000    0.49997    0.02000   24.99861 
      5040  120    0.33333    0.01333   25.00000    0.49986    0.02000   24.99305 
      5160  120    0.33333    0.01333   25.00000    0.50000    0.02000   25.00000 
      5280  120    0.33333    0.01333   25.00000    0.49994    0.02000   24.99722 
      5400  120    0.33333    0.01333   25.00000    0.50000    0.02000   25.00000 
      5520  120    0.33333    0.01333   25.00000    0.50000    0.02000   25.00000 
      5640  120    0.33333    0.01333   25.00000    0.50000    0.02000   25.00000 
      5760  120    0.33333    0.01333   25.00000    0.49997    0.02000   24.99861 
      5880  120    0.33333    0.01333   25.00000    0.49997    0.02000   24.99861 
      6000  120    0.33333    0.01333   25.00000    0.50000    0.02000   25.00000 
      6120  120    0.33333    0.01333   25.00000    0.50000    0.02000   25.00000 
      6240  120    0.33333    0.01333   25.00000    0.50000    0.02000   25.00000 
      6360  120    0.33333    0.01333   25.00000    0.50000    0.02000   25.00000 
      6480  120    0.33328    0.01333   24.99583    0.50000    0.02000   25.00000 
      6600  120    0.33333    0.01333   25.00000    0.49997    0.02000   24.99861 
      6720  120    0.33333    0.01333   25.00000    0.50000    0.02000   25.00000 
      6840  120    0.33331    0.01333   24.99792    0.50000    0.02000   25.00000 
      3600    1    0.16667    0.00667   25.00000    0.16667    0.00667   25.00000 
      3720  120    0.16667    0.00667   25.00000    0.16667    0.00667   25.00000 
      3840  120    0.16667    0.00667   25.00000    0.16667    0.00667   25.00000 
      3960  120    0.16667    0.00667   25.00000    0.16667    0.00667   25.00000 
      4080  120    0.16667    0.00667   25.00000    0.16664    0.00667   24.99583 
      4200  120    0.16667    0.00667   25.00000    0.16667    0.00667   25.00000 
      4320  120    0.16667    0.00667   25.00000    0.16667    0.00667   25.00000 
      4440  120    0.16667    0.00667   25.00000    0.16667    0.00667   25.00000 
      4560  120    0.16667    0.00667   25.00000    0.16667    0.00667   25.00000 
      4680  120    0.16667    0.00667   25.00000    0.16667    0.00667   25.00000 
      4800  120    0.16667    0.00667   25.00000    0.16667    0.00667   25.00000 
      4920  120    0.16667    0.00667   25.00000    0.16667    0.00667   25.00000 
      5040  120    0.16667    0.00667   25.00000    0.16667    0.00667   25.00000 
      5160  120    0.16667    0.00667   25.00000    0.16667    0.00667   25.00000 
      5280  120    0.16667    0.00667   25.00000    0.16667    0.00667   25.00000 
      5400  120    0.16667    0.00667   25.00000    0.16667    0.00667   25.00000 
      5520  120    0.16667    0.00667   25.00000    0.16667    0.00667   25.00000 
      5640  120    0.16667    0.00667   25.00000    0.16667    0.00667   25.00000 
      5760  120    0.16667    0.00667   25.00000    0.16667    0.00667   25.00000 
      5880  120    0.16664    0.00667   24.99583    0.16667    0.00667   25.00000 
      6000  120    0.16667    0.00667   25.00000    0.16667    0.00667   25.00000 
      6120  120    0.16661    0.00667   24.99167    0.16664    0.00667   24.99583 
      6240  120    0.16667    0.00667   25.00000    0.16667    0.00667   25.00000 
      6360  120    0.16667    0.00667   25.00000    0.16667    0.00667   25.00000 
      6480  120    0.16667    0.00667   25.00000    0.16667    0.00667   25.00000 
      6600  120    0.16667    0.00667   25.00000    0.16667    0.00667   25.00000 
      6720  120    0.16667    0.00667   25.00000    0.16667    0.00667   25.00000 
      6840  120    0.16667    0.00667   25.00000    0.16664    0.00667   24.99583 
      6960  120    0.16667    0.00667   25.00000    0.16667    0.00667   25.00000 
      7080  120    0.16667    0.00667   25.00000    0.16667    0.00667   25.00000 
      7200  120    0.16667    0.00667   25.00000    0.16667    0.00667   25.00000 
      7320  120    0.16667    0.00667   25.00000    0.16667    0.00667   25.00000 
      7440  120    0.16664    0.00667   24.99583    0.16667    0.00667   25.00000 
      7560  120    0.16667    0.00667   25.00000    0.16667    0.00667   25.00000 
      7680  120    0.16667    0.00667   25.00000    0.16667    0.00667   25.00000 
      7800  120    0.16667    0.00667   25.00000    0.16667    0.00667   25.00000 
      7920  120    0.16667    0.00667   25.00000    0.16667    0.00667   25.00000 
      8040  120    0.16667    0.00667   25.00000    0.16667    0.00667   25.00000 
      8160  120    0.16667    0.00667   25.00000    0.16667    0.00667   25.00000 
      8280  120    0.16667    0.00667   25.00000    0.16667    0.00667   25.00000 
      8400  120    0.16667    0.00667   25.00000    0.16667    0.00667   25.00000 
      8520  120    0.16667    0.00667   25.00000    0.16667    0.00667   25.00000 
      8640  120    0.16667    0.00667   25.00000    0.16667    0.00667   25.00000 
